582
119
678
711
881
471
97
313
236
642
775
57
759
943
946
166
190
774
813
74
671
312
690
1000
342
141
722
1
601
977
785
446
973
378
970
128
844
991
264
565
560
14
526
787
644
91
272
635
627
168
546
304
656
317
445
232
269
944
857
759
336
465
492
370
827
524
430
405
658
835
727
13
859
122
847
537
446
41
678
86
779
599
568
401
47
275
772
870
722
343
627
309
661
431
156
443
360
615
704
124
623
124
847
598
616
604
999
825
256
325
633
332
461
342
275
116
976
693
507
111
238
985
799
966
709
808
914
821
202
777
622
753
52
332
965
782
227
206
312
813
739
89
977
35
416
101
985
717
228
318
945
765
126
132
114
376
406
148
849
277
479
13
457
939
313
141
965
442
441
447
685
926
274
826
553
42
457
72
7
814
350
238
580
13
556
195
1000
154
666
966
542
831
633
784
694
973
377
145
666
41
789
672
59
23
613
374
828
695
164
495
818
218
51
83
25
545
56
229
732
496
329
74
393
467
687
444
839
889
134
290
332
362
738
962
806
332
321
394
404
720
265
12
130
716
945
373
817
37
918
163
805
139
266
879
698
709
41
82
470
192
346
343
943
546
983
175
234
833
641
568
217
467
527
474
553
685
208
125
193
309
50
994
79
630
766
890
180
878
769
240
810
751
557
101
43
283
563
814
724
496
450
235
939
522
249
506
8
126
932
929
390
341
595
887
981
372
411
1000
39
635
945
416
916
197
723
285
211
837
459
266
469
44
18
702
911
95
332
517
524
164
148
708
748
780
398
417
62
698
762
352
324
890
176
115
982
43
187
89
879
625
946
594
662
725
495
232
677
251
606
503
146
83
384
343
226
259
824
837
813
33
281
20
595
422
155
634
627
386
